51,5
51,4
51,3
51,1
51,0
4294967294,128
4294967278,314
50,6
50,5
50,4
50,3
50,1
50,0
4294967278,313
4294967278,312
49,5
49,4
49,3
49,1
49,0
48,6
48,5
48,4
48,3
48,1
48,0
47,8
47,7
47,6
47,5
47,4
47,3
47,1
47,0
4294967278,311
0,59
0,58
46,7
46,6
46,5
46,4
46,3
46,1
46,0
4294967294,1156
4294967294,1155
45,7
45,6
45,5
45,4
45,3
45,1
45,0
4294967294,25
4294967278,310
44,5
44,4
44,3
44,1
44,0
43,5
43,4
43,3
43,1
43,0
4294967278,309
42,5
42,4
42,3
42,1
42,0
4294967294,1154
41,5
41,4
41,3
41,1
41,0
40,5
40,4
40,3
40,1
40,0
4294967294,1153
39,5
39,4
39,3
39,1
39,0
38,6
38,5
38,4
38,3
38,1
38,0
37,5
37,4
37,3
37,1
37,0
36,6
36,5
36,4
36,3
36,1
36,0
4294967278,308
4294967278,307
35,5
35,4
35,3
35,1
35,0
4294967278,306
4294967278,305
34,6
34,5
34,4
34,3
34,1
34,0
4294967278,304
4294967278,303
33,6
33,5
33,4
33,3
33,1
33,0
4294967278,302
4294967278,301
32,5
32,4
32,3
32,1
32,0
31,5
31,4
31,3
31,1
31,0
4294967294,1152
30,5
30,4
30,3
30,1
30,0
4294967278,300
29,7
29,6
29,5
29,4
29,3
29,1
29,0
28,7
28,6
28,5
28,4
28,3
28,1
28,0
4294967294,207
4294967278,299
4294967294,895
4294967294,894
27,5
27,4
27,3
27,1
27,0
26,5
26,4
26,3
26,1
26,0
4294967278,298
25,6
25,5
25,4
25,3
25,1
25,0
24,5
24,4
24,3
24,1
24,0
4294967278,297
23,5
23,4
23,3
23,1
23,0
4294967278,296
4294967278,295
22,6
22,5
22,4
22,3
22,1
22,0
21,7
21,6
21,5
21,4
21,3
21,1
21,0
4294967278,294
20,6
20,5
20,4
20,3
20,1
20,0
4294967278,293
19,6
19,5
19,4
19,3
19,1
19,0
18,6
18,5
18,4
18,3
18,1
18,0
4294967278,292
17,5
17,4
17,3
17,1
17,0
4294967278,291
16,5
16,4
16,3
16,1
16,0
4294967278,290
4294967278,289
15,5
15,4
15,3
15,1
15,0
4294967278,288
4294967278,287
14,5
14,4
14,3
14,1
14,0
4294967278,286
13,5
13,4
13,3
13,1
13,0
4294967278,285
4294967278,284
12,6
12,5
12,4
12,3
12,1
12,0
4294967278,283
4294967278,282
11,5
11,4
11,3
11,1
11,0
10,7
10,6
10,5
10,4
10,3
10,1
10,0
9,5
9,4
9,3
9,1
9,0
4294967278,281
8,5
0,57
8,4
8,3
8,1
8,0
4294967278,280
4294967278,279
7,5
7,4
7,3
7,1
7,0
6,6
6,5
6,4
6,3
6,1
6,0
5,5
5,4
5,3
5,1
5,0
4294967278,278
4,6
4,5
4,4
4,3
4,1
4,0
4294967278,277
3,5
3,4
3,3
3,1
3,0
4294967294,893
4294967278,276
2,5
2,4
2,3
2,1
2,0
4294967278,275
4294967278,274
4294967279,543
4294967294,1141
4294967294,1140
4294967279,542
4294967294,1139
4294967294,1138
4294967279,541
4294967294,1137
4294967279,540
4294967294,1136
4294967279,539
4294967294,1135
4294967294,1134
4294967279,538
4294967294,892
4294967294,1133
4294967279,537
4294967294,1132
4294967294,1131
4294967279,536
4294967294,891
4294967294,890
4294967294,1130
4294967279,535
4294967294,1129
4294967279,534
4294967294,1128
4294967294,1127
4294967279,533
4294967294,1126
4294967279,532
4294967294,1125
4294967294,1124
4294967279,531
4294967294,1123
4294967279,530
4294967294,889
4294967294,1122
4294967294,1121
4294967279,529
4294967294,1120
4294967279,528
4294967294,1119
4294967294,1118
4294967279,527
4294967294,1117
4294967279,526
4294967294,1116
4294967294,1115
4294967279,525
4294967294,1114
4294967279,524
4294967294,1113
4294967294,1112
4294967279,523
4294967294,1111
4294967279,522
4294967294,1110
4294967294,1109
4294967279,521
4294967294,1108
4294967279,520
4294967294,888
4294967294,1107
4294967294,887
4294967279,519
4294967294,1106
4294967294,1105
4294967279,518
4294967294,1104
4294967279,517
4294967294,1103
4294967294,1102
4294967279,516
4294967294,1101
4294967279,515
4294967294,1100
4294967294,1099
4294967279,514
4294967294,1098
4294967279,513
4294967294,1097
4294967294,1096
4294967294,886
4294967279,512
4294967294,1095
4294967279,511
4294967294,1094
4294967294,1093
4294967279,510
4294967294,1092
4294967294,885
4294967279,509
4294967294,1091
4294967279,508
4294967294,1090
4294967294,1089
4294967279,507
4294967294,1088
4294967279,506
4294967294,1087
4294967279,505
4294967294,1086
4294967294,884
4294967294,1085
4294967279,504
4294967294,1084
4294967279,503
4294967294,1083
4294967294,1082
4294967279,502
4294967294,1081
4294967279,501
4294967294,1080
4294967294,1079
4294967279,500
4294967294,1078
4294967279,499
4294967294,1077
4294967279,498
4294967294,1076
4294967294,1075
4294967294,883
4294967279,497
4294967294,1074
4294967279,496
4294967294,1073
4294967294,882
4294967294,1072
4294967279,495
4294967294,1071
4294967279,494
4294967294,1070
4294967294,1069
4294967279,493
4294967294,1068
4294967279,492
4294967294,1067
4294967294,1066
4294967279,491
4294967294,881
4294967294,1065
4294967279,490
4294967294,1064
4294967294,1063
4294967279,489
4294967294,1062
4294967279,488
4294967294,1061
4294967294,1060
4294967279,487
4294967294,880
4294967294,1059
4294967279,486
4294967294,1058
4294967294,1057
4294967279,485
4294967294,1056
4294967279,484
4294967294,1055
4294967279,483
4294967294,1054
4294967294,1053
4294967279,482
4294967294,1052
4294967279,481
4294967294,1051
4294967279,480
4294967294,879
4294967294,1050
4294967294,1049
4294967279,479
4294967294,1048
4294967279,478
4294967294,1047
4294967294,1046
4294967279,477
4294967294,1045
4294967279,476
4294967294,1044
4294967294,1043
4294967279,475
4294967294,1042
4294967279,474
4294967294,1041
4294967294,878
4294967294,877
4294967279,473
4294967294,1040
4294967294,1039
4294967279,472
4294967294,1038
4294967294,876
4294967279,471
4294967294,1037
